version https://git-lfs.github.com/spec/v1
oid sha256:72b4e50b0c99c2e07cc27328691cda0eaf4f42f12ef8b62f2da4524179d310f3
size 63855172
